jamsmodeldata/J2000 Dudh-Kosi/input/local/gis/dem_kosi.asc
ncols         296
nrows         407
xllcorner     86.353581326517
yllcorner     27.08343766674
cellsize      0.0028798133754293
NODATA_value  -9999
[rows 72 to 107 of 407, columns 81 to 161 of 296]
5155 5151 5202 5236 5435 5435 5636 6071 5899 5899 5597 5403 5403 5338 5326 5338 5512 5614 5576 5576 5588 5635 5822 5792 5714 5627 5531 5531 5477 5307 5215 5210 5191 5191 5198 5331 5452 5992 5852 5852 5437 5385 5342 5351 5351 5363 5369 5388 5368 5403 5442 5455 5720 5848 6004 6585 6652 -9999 -9999 -9999 -9999 -9999 -9999 -9999 -9999 -9999 -9999 -9999 -9999 -9999 -9999 -9999 -9999 -9999 -9999 -9999 -9999 -9999 -9999 -9999 -9999
5153 5161 5239 5256 5481 5481 5730 6165 5996 5996 5724 5399 5399 5331 5324 5323 5464 5505 5524 5524 5560 5613 5827 5763 5654 5580 5484 5484 5400 5328 5266 5192 5184 5184 5174 5344 5507 5619 5640 5640 5441 5404 5336 5151 5151 5126.25 5131 5166 5199 5234 5291 5290 5521 5652 5871 6540 6683 -9999 -9999 -9999 -9999 -9999 -9999 -9999 -9999 -9999 -9999 -9999 -9999 -9999 -9999 -9999 -9999 -9999 -9999 -9999 -9999 -9999 -9999 -9999 -9999
5140 5141 5302 5386 5756 5756 5589 5384 5429 5429 5643 5381 5381 5242 5257 5259 5307 5381 5402 5402 5447 5439 5647 5691 5619 5512 5415 5415 5349 5258 5378 5355 5158 5158 5134 5110 5100 5354 5505 5505 5518 5362 5355.25 5265 5265 5187 5123 5117 5119 5148 5221 5209 5281 5472 5977 6287 6410 -9999 -9999 -9999 -9999 -9999 -9999 -9999 -9999 -9999 -9999 -9999 -9999 -9999 -9999 -9999 -9999 -9999 -9999 -9999 -9999 -9999 -9999 -9999 -9999
5111 5122 5336 5583 5542 5542 5522 5330 5342 5342 5489 5270 5270 5223 5243 5252 5307 5363 5416 5416 5392 5383 5519 5566 5624 5565 5470 5470 5422 5476 5423 5369 5143 5143 5120 5115 5103 5189 5370 5370 5590 5433 5365 5223 5223 5179 5110 5098 5094 5095 5175 5187 5317 5540 5794 5974 6126 6403 6790 -9999 -9999 -9999 -9999 -9999 -9999 -9999 -9999 -9999 -9999 -9999 -9999 -9999 -9999 -9999 -9999 -9999 -9999 -9999 -9999 -9999 -9999
5103 5139 5371 5555 5602 5602 5440 5330 5317 5317 5374 5226 5226 5219 5229 5278 5347 5421 5407 5407 5373 5369 5424 5482 5559 5540 5532 5532 5516 5417 5380 5293 5183 5183 5115 5116 5109 5075 5212 5212 5476 5420 5392 5222 5222 5172 5091 5077 5090 5101 5149 5160 5388 5590 5693 5782 5966 6239 6900 -9999 -9999 6540 6540 6471 6622 6549 -9999 -9999 -9999 -9999 -9999 -9999 -9999 -9999 -9999 -9999 -9999 -9999 -9999 -9999 -9999
5111 5187 5311 5445 5461 5461 5407 5333 5329 5329 5306 5201 5201 5196 5226 5516 5570 5393 5363 5363 5334 5332 5366 5467 5521 5445 5445 5420 5452 5371 5313 5270 5286 5286 5152 5103 5067 5075 5067 5067 5329 5295 5247 5158 5158 5095 5063 5064 5080 5078 5121 5272 5368 5357 5326 5652 5905 6181 6812 6705 6705 6195 6195 6185 6298 6318 -9999 -9999 -9999 -9999 -9999 -9999 -9999 -9999 -9999 -9999 -9999 -9999 -9999 -9999 -9999
5171 5217 5319 5435 5597 5597 5593 5318 5304 5304 5317 5190 5190 5185 5198 5365 5525 5382 5328 5328 5329 5325 5327 5515 5483 5462 5462 5425 5358 5223 5202 5186 5157 5157 5155 5083 5083 5039 5043 5043 5137 5138 5059 5013 5013 5032 5040 5066 5064 5069 5125 5241 5270 5304 5337 5616 5892 6228 6535 6389 6389 6078 6078 6048 5995 6246 6222 -9999 -9999 -9999 -9999 -9999 -9999 -9999 -9999 -9999 -9999 -9999 -9999 -9999 -9999
5210 5263 5464 5451 5530 5530 5576 5310 5285 5285 5229 5189 5189 5151 5143 5261 5422 5384 5317 5317 5242 5218 5348 5650 5529 5488 5488 5458 5410 5321 5283 5197 5155 5155 5156 5144 5077 5035 5024 5024 4995 4981.25 4984 5015 5015 5034 5049 5046 5063 5082 5181 5217 5224 5241 5328 5764 6007 6195 5922 5838 5838 5816 5816 5832 5736 5828 6022 -9999 -9999 -9999 -9999 -9999 -9999 -9999 -9999 -9999 -9999 -9999 -9999 -9999 -9999
5281 5400 5358 5319 5335 5335 5439 5446 5366 5366 5213 5166 5166 5146 5121 5223 5415 5369 5299 5299 5188 5183 5502 5811 5645 5591 5591 5551 5405 5392 5381 5224 5163 5163 5176 5166 5149 5016 5007 5007 4994 4981.25 5003 5019 5019 5016 5029 5082 5179 5178 5224 5217 5233 5282 5369 5839 6064 6137 5822 5742 5742 5692 5692 5664 5666 5686 5783 5783 6076 -9999 -9999 -9999 -9999 -9999 -9999 -9999 -9999 -9999 -9999 -9999 -9999
5235 5467 5313 5239 5405 5405 5601 5521 5413 5413 5325 5193 5193 5154 5105 5126 5333 5317 5224 5224 5157 5153 5651 5549 5466 5414 5414 5651 5643 5338 5397 5476 5208 5208 5230 5289 5102 4991 4982 4982 4993 4979 4992 5072 5072 5111 5151 5128 5118 5173 5249 5236 5277 5312 5463 5943 6089 6100 5766 5714 5714 5644 5644 5609 5606 5631 5720 5720 5959 6177 -9999 -9999 -9999 6256 6086 6058 -9999 -9999 -9999 -9999 -9999
5128 5265 5245 5241 5431 5431 5667 5409 5409 5367 5377 5192 5192 5147 5093 5087 5237 5201 5133 5133 5122 5153 5762 5555 5422 5340 5340 5499 5534 5318 5259 5300 5413 5413 5494 5133 5070 4967 4975 4975 4982 4978 5018 5121 5121 5102 5102 5102 5103 5166 5223 5247 5359 5427 5587 5876 5867 5849 5729 5686 5686 5621 5621 5599 5593 5638 5716 5716 6006 6256 6683 6407 6196 5899 5723 5746 6231 6447 6550 6550 6284
5018 5062 5171 5174 5423 5423 5475 5501 5501 5406 5359 5231 5231 5129 5078 5069 5102 5072 5114 5114 5153 5311 5786 5500 5358 5285 5285 5350 5429 5295 5222 5170 5227 5227 5416 5071 5026 4966 4968 4968 4979 4974 5064 5206 5206 5143 5102 5102 5106 5150 5287 5378 5480 5566 5778 5689 5677 5660 5722 5701 5701 5578 5578 5584 5584 5631 5741 5741 6197 6449 6529 6182 5982 5726 5640 5653 5853 5935 6110 6110 6068
4966 4957 5009 5080 5209 5209 5307 5284 5284 5272 5281 5160 5160 5070 5040 5049 5076 5076 5173 5173 5329 5382 5558 5425 5327 5247 5247 5228 5149 5084 5065 5064 5109 5109 5166 5038 4940 4951 4972 4972 4963 5017 5135 5353 5353 5235 5141 5182 5179 5263 5375 5530 5685 5763 5832 5657 5631 5616 5653 5707 5707 5517 5517 5525 5550 5627 5838 5838 6470 6593 6477 6119 5889 5637 5583 5576 5531 5658 5822 5822 5889
4964 4956 4991 4979 5139 5139 5208 5222 5222 5228 5240 5118 5118 5066 5024 5030 5064 5118 5178 5178 5285 5365 5380 5312 5254 5177 5177 5150 5107 5027 4998 4976 4975 4975 5013 4987 4941 4936 4944 4944 4975 5038 5186 5401 5401 5311 5242 5218 5247 5263 5416 5504 5598 5601 5602 5671 5617 5596 5543 5614 5614 5497 5497 5508 5529 5731 5968 5968 6254 6331 6452 6124 5890 5579 5552 5532 5492 5522 5703 5703 5775
4951 4931 4920 4970 5013 5013 5119 5226 5226 5223 5204 5058 5058 5046 5016 5063 5058.25 5146 5162 5162 5276 5420 5327 5267 5255 5222 5222 5160 5104 5081 5072 5036 4966.75 4966.75 4966.75 4915 4922 4943 4936 4936 5019 5034 5126 5322 5322 5417 5418 5353 5346 5400 5571 5583 5563 5459 5481 5796 5659 5579 5521 5483 5483 5483 5483 5482 5523 5889 5875 5875 5944 6157 6537 6254 6018 5583 5533 5501 5460 5446 5549 5549 5710
4991 4922.25 4924 4920 4951 4951 5052 5197 5197 5193 5167 5033 5033 5018 5016 5069 5082 5179 5211 5211 5296 5441 5360 5286 5245 5184 5184 5150 5122 5151 5142 5090 4966.75 4966.75 4966.75 4907 4939 4919 4933 4933 5025 5038 5130 5242 5242 5298 5379 5476 5487 5490 5600 5505 5451 5473 5421 5759 5856 5595 5513 5474 5474 5473 5473 5466 5526 5885 5757 5757 5854 6070 6543 6376 6128 5705 5522 5487 5437 5418 5509 5417 5674
4987 4992 4924 4911 4957 4957 4938 5135 5135 5153 5142 5032 5032 4993 5007 5104 5139 5403 5376 5376 5386 5588 5367 5311 5278 5228 5228 5199 5198 5429 5391 5277 4970 4970 4966.75 4906 4923 4909 4929 4929 5027 5048 5045 5102 5069 5068 5124 5160 5206 5233 5262 5266 5286 5314 5366 5415 5420 5442 5396 5374 5374 5409 5409 5414 5597 5657 5565 5565 5586 5639 6178 6024 5873 5760 5620 5470 5368 5362 5354 5354 5407
5195 5265 5002 4897 4887 4887 4909 5037 5037 5070 4971 4965 4965 5008 5136 5429 5874 5731 5577 5549 5502 5535 5433 5368 5349 5309 5309 5266 5420 5560 5448 5327 5092 5092 4966 4883 4883 4887 4901 4901 5108 5176 5173 5070 5070 5075 5097 5100 5136 5155 5219 5224 5228 5243 5246 5285 5293 5293 5330 5365 5365 5365 5380 5402 5603 5645 5546 5546 5534 5548 6006 5756 5573 5452 5498 5373 5293 5339 5291 5291 5332
5294 5301 5121 4995 4862 4862 4867 4916 4916 4940 4949 4945 4945 4999 5381 5398 5486 5752 5581 5581 5434 5386 5356 5347 5355 5291 5291 5262 5349 5413 5462 5302 5084 5084 4964 4890 4884 4872 4893 4893 5199 5284 5234 5108 5108 5091 5092 5114 5121 5144 5167 5186 5192 5198 5204 5241 5228 5242 5313 5344 5344 5344 5365 5415 5613 5646 5522 5522 5501 5532 5922 5738 5521 5391 5387 5327 5258 5296 5255 5255 5302
5259 5259 5219 5049 4885 4885 4858 4918 4918 4937 4944 4956 4956 5123 5125 5179 5299 5603 5543 5543 5285 5237 5282 5304 5253 5191 5191 5189 5304 5259 5387 5262 5093 5093 4952 4872 4874 4871 4899 4899 5340 5390 5245 5187 5187 5169 5104 5109 5125 5140 5179 5181 5194 5198 5200 5218 5231 5248 5309 5326 5326 5326 5352 5484 5673 5670 5505 5505 5481 5478 5896 5817 5563 5357 5322 5328 5239 5239 5236 5236 5307
5253 5253 5099 4991 4882 4882 4836 4884 4884 4889 4955 4917 4917 4987 5120 5114 5183 5373 5439 5439 5272 5209 5253 5267 5210 5153 5153 5124 5151 5222 5276 5241 5114 5114 4966 4869 4865 4859 4891 4891 5331 5508 5452 5417 5417 5378 5312 5146 5189 5192 5196 5201 5258 5219 5198 5214 5229 5267 5298 5315 5315 5315 5407 5508 5761 5670 5509 5509 5473 5450 5648 5699 5597 5412 5325 5309 5222 5211 5222 5222 5298
5326 5257 5151 5202 4859 4859 4860 4854 4854 4851 4867 4978 4978 4981 5036 5101 5295 5520 5536 5536 5311 5204 5191 5220 5306 5237 5237 5107 5077 5179 5225 5187 5149 5149 5030 4873 4860 4842.25 4846 4846 5199 5273 5224 5224 5477 5665 5966 5729 5584 5607 5682 5710 5789 5690 5429 5325 5434 5460 5379 5439 5439 5439 5660 5585 5566 5513 5440 5440 5430 5426 5361 5385 5395 5349 5361 5365 5224 5211 5197 5197 5197
5261 5243 5208 5305 4849 4849 4860 4839 4839 4841 4848 5066 5066 5058 5095 5153 5265 5478 5596 5596 5245 5188 5163 5173 5210 5266 5266 5119 5043 5132 5177 5104 5083 5083 5039 4885 4849 4842 4844 4844 5106 5083 5130 5130 5415 5640 5889 5923 5843 5764 5594 5757 5957 5847 5643 5473 5519 5500 5459 5685 5685 5685 5597 5546 5525 5471 5437 5437 5388 5400 5355 5302 5304 5354 5353 5367 5261 5213 5200 5200 5202
5298 5362 5415 5355 4893 4893 4845 4826 4826 4822 4848 5040 5040 5025 5021 5056 5183 5382 5633 5633 5303 5215 5114 5107 5113 5156 5156 5103 5025 5099 5070 5027 4980 4980 4956 4876 4828 4826 4841 4841 4894 4962 5073 5073 5432 5482 5512 5704 5741 5680 5464 5505 5621 5665 5566 5505 5543 5586 5820 6042 6042 6042 5615 5561 5547 5511 5470 5470 5351 5353 5337 5306 5285 5290 5328 5305 5273 5267 5219 5219 5188
5564 5449 5421 5464 4881 4881 4821 4814 4814 4803 4855 4931 4931 4937 4938 4969 5085 5338 5561 5561 5348 5255 5061 5054 5021 5021 4980 4988 4980 4944 4916 4869 4849.25 4849.25 4849.25 4882 4813 4819 4804 4804 4852.5 4920 5103 5103 5296 5276 5349 5494 5482 5651 5403 5390 5397 5427 5449 5504 5560 5631 5955 6083 6083 6083 5843 5567 5552 5532 5510 5510 5313 5297 5257 5245 5251 5255 5223 5238 5216 5211 5213 5213 5171
5408 5295 5462 5507 4871 4871 4804 4809 4809 4773 4863 4891 4891 4930 4967 5011 5092 5238 5297 5297 5387 5319 5109 5055 5001 5001 4960 4924 4874 4874 4849.25 4849.25 4849.25 4849.25 4849.25 4870 4808 4812 4804 4804 4920 5076 5296 5296 5368 5236 5224 5325 5331 5492 5424 5361 5369 5370 5344 5472 5641 5603 5601 5696 5696 5696 5989 5917 5796 5762 5626 5626 5347 5334 5241 5229 5203 5196 5188.5 5188.5 5188.5 5190 5190 5190 5183
5211 5246 5507 5312 4858 4858 4766 4766 4767 4724 4845 4993 4993 5086 5030 5021 5073 5145 5423 5423 5426 5280 5135 5115 5095 5095 5065 5047 5023 4966 4932 4961 5016 5016 4887 4854 4797.5 4806 4794 4794 4894 5177 5311 5311 5212 5146 5147 5216 5257 5409 5385 5334 5291 5266 5212 5365 5620 5611 5466 5466 5466 5466 5550 5498 5623 5788 5913 5913 5822 5696 5551 5460 5410 5373 5377 5413 5568 5381 5270 5270 5191
5217 5272 5573 5380 4902 4902 4740 4740 4724 4684 4841 4945 4945 4991 5085 5176 5165 5290 5609 5609 5663 5418 5159 5178 5308 5308 5235 5291 5236 5224 5217 5270 5446 5446 5259 4852 4820 4791 4790 4790 4872 5113 5150 5150 5148 5116 5149 5213 5394 5464 5333 5361 5272 5239 5197 5280 5544 5777 5445 5406 5406 5406 5365 5381 5385 5432 5688 5688 6038 5893 5781 5813 5795 5719 5595 5395 5454 5455 5261 5261 5185
5296 5405 5422 5356 4943 4943 4693 4693 4660 4659 4757 4978 4978 5052 5099 5132 5191 5409 5459 5459 5731 5625 5416 5381 5317 5317 5292 5326 5465 5305 5291 5186 5403 5403 5194 4833 4831 4788 4783 4783 4862 4960 5065 5065 5077 5075 5165 5362 5366 5357 5323 5305 5286 5223 5186 5296 5499 5621 5491 5352 5352 5352 5251 5258 5313 5310 5505 5505 5899 5877 5666 5717 5858 5807 5570 5308 5218 5263 5217 5217 5162
5270 5280 5295 5274 5041 5041 4662 4662 4625 4634 4713 4914 4914 4995 5155 5146 5210 5349 5349 5349 5677 5767 5486 5372 5260 5260 5250 5280 5457 5230 5201 5164 5279 5279 5216 4928 4824 4787 4778 4778 4826 4848 5000 5000 5034 5084 5245 5445 5322 5297 5367 5290 5244 5216 5176 5320 5514 5443 5437 5358 5358 5358 5195 5233 5253 5231 5439 5439 5694 5841 5647 5635 5721 5745 5543 5397 5200 5083 5169 5169 5125
5145 5239 5180 5178 4935 4935 4668 4668 4593 4594 4685 4943 4943 5057 5184 5297 5404 5277 5296 5296 5695 5777 5425 5343 5289 5289 5190 5232 5404 5234 5136 5085 5239 5239 5265 4855 4815 4776 4770.75 4770.75 4821 4790.5 4908 4908 5032 5169 5426 5520 5346 5270 5286 5303 5264 5181 5172 5228 5343 5353 5291 5399 5399 5399 5178 5140 5131 5114 5235 5235 5381 5570 5647 5564 5544 5450 5363 5340 5297 5120 5072 5072 5047
5131 5124 5085 5041 4887 4887 4760 4760 4558 4556 4632 4857 4857 5033 5199 5225 5211 5299 5258 5258 5449 5563 5439 5298 5172 5172 5156 5146 5159 5006 4984 4989 5121 5121 5137 4904 4764 4756 4755.75 4755.75 4748 4781 4900 4900 5289 5248 5217 5413 5244 5220 5165 5208 5143 5119 5074 5110 5268 5490 5179 5151 5151 5151 5156 5156 5106 5053 5086 5086 5199 5394 5759 5847 5708 5394 5285 5087 4998 5000 4994 4994 4991
4994 4961 4935 4901 4858 4858 4759 4759 4547 4547 4617 4852 4852 5015 5064 5112 5115 5231 5261 5261 5452 5430 5500 5363 5322 5322 5257 5140 5090 4968 4933 4924 4995 4995 4999 4841 4752.5 4741.25 4741.25 4741.25 4748 4738 4767 4767 5156 5083 5115 5334 5304 5202 5059 5112 5076 5061 5004 5110 5291 5465 5126 5019 5019 5019 5033 5045 5105 5031 5043 5043 5247 5319 5645 5723 5593 5204 5214 5231 5014 5006 4982 4982 4959
4875 4861 4832 4813 4836 4836 4752 4752 4542 4542 4615 4913 4913 4962 5038 5047 5119 5225 5384 5384 5313 5275 5266 5416 5438 5438 5335 5231 5199 5078 4918 4864 4799 4799 4754 4752.5 4752.5 4787 4746 4746 4744 4732 4729 4729 5010 5039 5110 5336 5214 5137 5019 5124 5059 5016 4965 5152 5265 5622 5206 5015 5015 5015 4903 5019 5043 5003 5012.75 5012.75 5051 5136 5497 5617 5500 5210 5043 5165 4991 5002 4945 4945 4952
4626 4607 4571 4569 4559 4559 4565 4565 4537.75 4551 4597 4832 4832 4890 5045 5201 5331 5342 5320 5320 5290 5201 5191 5327 5364 5364 5324 5197 5135 5093 4947 4816 4757 4757 4752.5 4752.5 4789 4757 4782 4782 4737 4741 4726.75 4726.75 4850 4944 5187 5317 5146 5045 5015 5139 5019 4974 4949 5170 5275 5487 5207 5061 5061 5061 4911 4899 4907 4934 5070 5070 5079 5132 5402 5453 5432 5193 4989 4984 4961 4918 4958 4958 4938.25
4604 4590 4560 4553 4520 4520 4499 4499 4488 4523 4550 4754 4754 4871 4943 5177 5314 5289 5206 5206 5115 5095 5206 5341 5398 5398 5250 5218 5212 5190 5062 4925 4842 4842 4866 4992 4908 4736 4722 4722 4727 4732 4717.5 4717.5 4730 4739 5006 4981 4963 4855 5081 5011 4932 4918 4980 5380 5601 5610 5207 5047 5047 5047 4905 4844 4850 4861 4926 4926 5157 5236 5259 5142 5055 4980 4992 4941 4940 4919 4946 4946 4949
