jamsmodeldata/J2000 Dudh-Kosi/input/local/gis/dem_kosi.asc
ncols         296
nrows         407
xllcorner     86.353581326517
yllcorner     27.08343766674
cellsize      0.0028798133754293
NODATA_value  -9999
[rows 108 to 143 of 407, columns 162 to 242 of 296]
4960 4904 5078 5156 5202 5637 5653 5528 5484 5446 5399 5438 5388 5260 5256 5271 5271 5369 5605 5610 5722 5557 5284 5206 5228 5309 5384 5384 5631 5807 5731 5530 5442 5359 5359 5272 5275 5316 5488 5644 6004 6004 6208 6329 6227 6260 6489 6489 6483 6197 6263 6260 6260 6498 6652 6652 -9999 -9999 -9999 -9999 -9999 -9999 -9999 -9999 -9999 -9999 -9999 -9999 -9999 -9999 -9999 -9999 -9999 -9999 -9999 -9999 -9999 -9999 -9999 -9999 -9999
4917 4904 5165 5359 5300 5714 5699 5627 5466 5394 5359 5337 5306 5227 5242 5238 5238 5473 5690 5754 5682 5513 5248 5172 5173 5210 5300 5300 5521 5695 5490 5406 5314 5272 5272 5245 5244 5274 5403 5462 5868 5868 6000 5904 5964 5982 6113 6113 6220 6070 6069 6057 6057 6291 6527 6527 -9999 -9999 -9999 -9999 -9999 -9999 -9999 -9999 -9999 -9999 -9999 -9999 -9999 -9999 -9999 -9999 -9999 -9999 -9999 -9999 -9999 -9999 -9999 -9999 -9999
4886 5026 5110 5253 5319 5639 5606 5688 5501 5358 5292 5263 5290 5211 5199 5187 5187 5455 5580 5694 5586 5435 5192 5163 5149 5241 5278 5278 5438 5629 5494 5313 5242 5228 5228 5234 5227 5219 5308 5377 5809 5809 5796 5657 5705 5761 5929 5929 6043 5894 5860 5848 5848 6156 6380 6380 -9999 -9999 -9999 -9999 -9999 -9999 -9999 -9999 -9999 -9999 -9999 -9999 -9999 -9999 -9999 -9999 -9999 -9999 -9999 -9999 -9999 -9999 -9999 -9999 -9999
4957 5116 5190 5233 5269 5530 5506 5545 5658 5649 5316 5265 5267 5232 5176 5172 5172 5321 5417 5534 5555 5378 5178 5141 5142 5241 5262 5262 5334 5554 5677 5375 5224 5213 5213 5200 5206 5206 5252 5317 5783 5783 5654 5461 5501 5553 5705 5705 5837 5724 5638 5618 5618 5969 6213 6213 -9999 -9999 -9999 -9999 -9999 -9999 -9999 -9999 -9999 -9999 -9999 -9999 -9999 -9999 -9999 -9999 -9999 -9999 -9999 -9999 -9999 -9999 -9999 -9999 -9999
5120 5306 5410 5403 5277 5509 5435 5435 5456 5404 5392 5260 5216 5237 5225 5163 5163 5159 5210 5275 5313 5451 5151 5105 5106 5194 5276 5276 5395 5567 5589 5299 5176 5164 5164 5177 5199 5189 5268 5382 5746 5746 5563 5367 5338 5337 5425 5425 5498 5496 5509 5517 5517 5819 6042 6042 -9999 -9999 -9999 -9999 -9999 -9999 -9999 -9999 -9999 -9999 -9999 -9999 -9999 -9999 -9999 -9999 -9999 -9999 -9999 -9999 -9999 -9999 -9999 -9999 -9999
5065 5200 5406 5475 5481 5444 5434 5420 5374 5300 5402 5338 5230 5193 5213 5204 5204 5132 5191 5303 5399 5415 5123 5078 5081 5142 5210 5210 5475 5461 5365 5198 5151 5145 5145 5162 5163 5172 5396 5517 5762 5762 5528 5333 5324 5315 5320 5320 5320 5467 5479 5487 5487 5795 6057 6057 -9999 -9999 -9999 -9999 -9999 -9999 -9999 -9999 -9999 -9999 -9999 -9999 -9999 -9999 -9999 -9999 -9999 -9999 -9999 -9999 -9999 -9999 -9999 -9999 -9999
5028 5143 5418 5584 5606 5512 5446 5415 5351 5313 5300 5388 5265 5266 5141 5182 5182 5124 5199 5319 5440 5463 5104 5061 5063 5100 5170 5170 5564 5380 5159 5122 5128 5126 5126 5132 5132 5251 5536 5610 5901 5901 5668 5386 5330 5278 5243 5243 5235 5423 5440 5439 5439 5806 6075 6075 -9999 -9999 -9999 -9999 -9999 -9999 -9999 -9999 -9999 -9999 -9999 -9999 -9999 -9999 -9999 -9999 -9999 -9999 -9999 -9999 -9999 -9999 -9999 -9999 -9999
5139 5232 5524 5685 5612 5492 5489 5381 5306 5188 5300 5395 5227 5196 5092 5146 5146 5137 5199 5304 5405 5484 5086 5049 5044 5114 5182 5182 5479 5313 5137 5105 5121 5127 5127 5124 5134 5324 5594 5670 5948 5948 5751 5405 5332 5244 5235 5235 5246 5347 5408 5420 5420 5808 6068 6068 -9999 -9999 -9999 -9999 -9999 -9999 -9999 -9999 -9999 -9999 -9999 -9999 -9999 -9999 -9999 -9999 -9999 -9999 -9999 -9999 -9999 -9999 -9999 -9999 -9999
5043 5168 5479 5394 5423 5429 5367 5292 5326 5173 5260 5369 5227 5153 5053 5084 5084 5130 5260 5300 5367 5344 5083 5049 5032 5167 5209 5209 5426 5225 5112 5116 5105 5121 5121 5130 5243 5433 5813 5896 6007 6007 5760 5496 5292 5231 5228 5228 5246 5324 5376 5394 5394 5836 6116 6116 -9999 -9999 -9999 -9999 -9999 -9999 -9999 -9999 -9999 -9999 -9999 -9999 -9999 -9999 -9999 -9999 -9999 -9999 -9999 -9999 -9999 -9999 -9999 -9999 -9999
4920 5085 5056 5125 5181 5548 5381 5159 5101 5080 5238 5216 5107 5061 5029 5041 5041 5039 5175 5182 5148 5092 4994 5004 5017 5157 5201 5201 5066 5042 5059 5075 5082 5124 5124 5185 5213 5532 5964 5919 5658 5658 5475 5245 5187 5197 5214 5214 5226 5325 5353 5446 5446 6171 6290 6290 -9999 -9999 -9999 -9999 -9999 -9999 -9999 -9999 -9999 -9999 -9999 -9999 -9999 -9999 -9999 -9999 -9999 -9999 -9999 -9999 -9999 -9999 -9999 -9999 -9999
4832 4946 4968 4986 4991 5435 5395 5262 5074 5010 5123 5105 5095 5048 4992 4992 5021 5003 5045 5063 5041 4965 4998 4998 5008 5098 5041 5041 5032 5048 5037 5055 5096 5254 5254 5425 5531 5609 5717 5723 5440 5440 5311 5171 5164 5173 5276 5276 5390 5535 5662 5918 5918 6224 -9999 -9999 -9999 -9999 -9999 -9999 -9999 -9999 -9999 -9999 -9999 -9999 -9999 -9999 -9999 -9999 -9999 -9999 -9999 -9999 -9999 -9999 -9999 -9999 -9999 -9999 -9999
4639 4740 4888 4919 5043 5241 5154 5074 5182 4987 5007 5040 4984 4935 4954 4954 4983 4939 4996 4941 4914 4950 4939 4940 4964 5008 5005 5005 4999 5035 5024 5077 5132 5313 5313 5449 5331 5421 5491 5571 5422 5422 5267 5153 5162 5164 5373 5373 5518 5775 5948 6172 6172 -9999 -9999 -9999 -9999 -9999 -9999 -9999 -9999 -9999 -9999 -9999 -9999 -9999 -9999 -9999 -9999 -9999 -9999 -9999 -9999 -9999 -9999 -9999 -9999 -9999 -9999 -9999 -9999
4547 4667 4862 4978 5017 5154 5138 5017 4987 5023 4871 4905 4861 4865 4875 4875 4892 4834 4841 4812 4848 4895 4928 4960 4971 4988 4985 4985 4993 5002 5042 5099 5183 5266 5266 5242 5233 5346 5363 5445 5330 5330 5191 5129 5142 5172 5303 5303 5459 5898 6199 6309 6309 -9999 -9999 -9999 -9999 -9999 -9999 -9999 -9999 -9999 -9999 -9999 -9999 -9999 -9999 -9999 -9999 -9999 -9999 -9999 -9999 -9999 -9999 -9999 -9999 -9999 -9999 -9999 -9999
4450 4524 4737 4813 4922 4929 4930 4843 4777 4758 4638 4678 4710 4739 4699 4699 4729 4714 4742 4786 4812 4867 4937 4950 4961 4980 5000 5000 5007 5013 5011.75 5031 5026 5026 5028 5057 5073 5104 5160 5194 5144 5144 5094 5118 5131 5222 5426 5426 5551 6017 6333 -9999 -9999 -9999 -9999 -9999 -9999 -9999 -9999 -9999 -9999 -9999 -9999 -9999 -9999 -9999 -9999 -9999 -9999 -9999 -9999 -9999 -9999 -9999 -9999 -9999 -9999 -9999 -9999 -9999 -9999
4344 4468 4628 4750 4827 4718 4707 4688 4639 4596 4568 4583 4606 4610 4640 4640 4649 4727 4762 4803 4814 4843 4913 4940 4935 4925 4937 4937 5004 5010 5015 5018 5009 5009 5025 5040 5045 5068 5111 5085 5064 5064 5074 5102 5158 5283 5506 5506 5547 5993 6282 -9999 -9999 -9999 -9999 -9999 -9999 -9999 -9999 -9999 -9999 -9999 -9999 -9999 -9999 -9999 -9999 -9999 -9999 -9999 -9999 -9999 -9999 -9999 -9999 -9999 -9999 -9999 -9999 -9999 -9999
4270 4414 4549 4643 4659 4533 4496 4466 4503 4500 4505 4523 4549 4582 4633 4633 4649 4727 4765 4797 4818 4841 4865 4893 4906 4907 4928 4928 4971 4980 5014 5009 5009 5009 5009 5009 5009 5009 5046 5043 5058 5058 5064 5132 5171 5240 5363 5363 5369 5818 6165 -9999 -9999 -9999 -9999 -9999 -9999 -9999 -9999 -9999 -9999 -9999 -9999 -9999 -9999 -9999 -9999 -9999 -9999 -9999 -9999 -9999 -9999 -9999 -9999 -9999 -9999 -9999 -9999 -9999 -9999
4265 4352 4481 4541 4475 4381 4374 4389 4415 4437 4509 4555 4597 4637 4685 4685 4740 4792 4785 4839 4861 4842 4882 4973 5009 4980 5009 5009 4989 5026 5006 5039 5039 5039 5009 5009 5009 5009 5038 5049 5046 5046 5060 5055.5 5075 5128 5278 5278 5338 5624 5996 6208 6208 -9999 -9999 -9999 -9999 -9999 -9999 -9999 -9999 -9999 -9999 -9999 -9999 -9999 -9999 -9999 -9999 -9999 -9999 -9999 -9999 -9999 -9999 -9999 -9999 -9999 -9999 -9999 -9999
4259 4312 4417 4390 4350 4344 4425 4467 4532 4553 4557 4561 4607 4646 4694 4694 4765 4812 4821 4833 4849 4867 4871 4919 5048 5068 5101 5101 5042 5133 5077 5022.5 5022.5 5022.5 5047 5063 5071 5074 5080 5084 5087 5087 5084 5074 5081 5100 5157 5157 5205 5515 5812 6025 6025 6469 -9999 -9999 -9999 -9999 -9999 -9999 -9999 -9999 -9999 -9999 -9999 -9999 -9999 -9999 -9999 -9999 -9999 -9999 -9999 -9999 -9999 -9999 -9999 -9999 -9999 -9999 -9999
4241 4296 4303 4287 4291 4519 4629 4671 4683 4695 4742 4756 4699 4626 4645 4645 4702 4820 4836 4855 4852 4852 4971 4945 5028 5295 5309 5309 5389 5433 5282 5183 5210 5210 5319 5341 5243 5213 5167 5148 5177 5177 5282 5254 5214 5130 5159 5159 5179 5323 5477 5597 5597 6111 -9999 -9999 -9999 -9999 -9999 -9999 -9999 -9999 -9999 -9999 -9999 -9999 -9999 -9999 -9999 -9999 -9999 -9999 -9999 -9999 -9999 -9999 -9999 -9999 -9999 -9999 -9999
4239 4329 4266 4278 4359 4571 4663 4667 4691 4749 4741 4761 4742 4773 4780 4780 4802 4906 4903 4924 4925 4895 4993 4968 4986 5134 5223 5223 5441 5576 5560 5506 5508 5508 5568 5551 5410 5411 5197 5165 5179 5179 5284 5436 5332 5292 5193 5193 5199 5326 5476 5602 5602 6134 -9999 -9999 -9999 -9999 -9999 -9999 -9999 -9999 -9999 -9999 -9999 -9999 -9999 -9999 -9999 -9999 -9999 -9999 -9999 -9999 -9999 -9999 -9999 -9999 -9999 -9999 -9999
4238 4318 4260 4386 4426 4570 4636 4673 4689 4778 4815 4804 4776 4842 4955 4955 5002 5179 5145 5033 4953 4912 5027 5010 5039 5119 5170 5170 5392 5534 5716 5905 5880 5880 5850 5696 5658 5481 5232 5182 5166 5166 5308 5569 5478 5300 5222 5222 5226 5363 5590 5746 5746 6217 -9999 -9999 -9999 -9999 -9999 -9999 -9999 -9999 -9999 -9999 -9999 -9999 -9999 -9999 -9999 -9999 -9999 -9999 -9999 -9999 -9999 -9999 -9999 -9999 -9999 -9999 -9999
4216 4296 4339 4429 4495 4642 4693 4682 4716 4762 4820 4838 4826 4823 4964 4964 5069 5342 5183 5033 4967 4932 5011 5044 5058 5169 5211 5211 5394 5546 5758 6127 6056 6056 5917 5738 5622 5462 5249 5198 5152 5152 5292 5521 5563 5305 5254 5254 5247 5434 5709 5878 5878 6420 -9999 -9999 -9999 -9999 -9999 -9999 -9999 -9999 -9999 -9999 -9999 -9999 -9999 -9999 -9999 -9999 -9999 -9999 -9999 -9999 -9999 -9999 -9999 -9999 -9999 -9999 -9999
4216 4219 4412 4507 4622 4732 4769 4842 4757 4785 4804.5 4805 4824 4869 4975 4975 5112 5461 5270 5113 5002 4954 4986 5050 5101 5233 5282 5282 5416 5561 5807 5959 5883 5883 5637 5568 5482 5394 5271 5235 5197 5197 5231 5491 5548 5442 5407 5407 5465 5656 5951 6143 6143 6609 -9999 -9999 -9999 -9999 -9999 -9999 -9999 -9999 -9999 -9999 -9999 -9999 -9999 -9999 -9999 -9999 -9999 -9999 -9999 -9999 -9999 -9999 -9999 -9999 -9999 -9999 -9999
4294 4426 4568 4625 4652 4911 5041 5102 5101 5082 4928 4870 4860 4909 5007 5007 5095 5269 5192 5089 5034 4993 5023 5089 5171 5354 5420 5420 5522 5660 5890 5793 5602 5602 5451 5356 5344 5330 5288 5232 5259 5259 5380 5515 5714 5888 5880 5880 5910 6450 6720 6872 6872 6928 -9999 -9999 -9999 -9999 -9999 -9999 -9999 -9999 -9999 -9999 -9999 -9999 -9999 -9999 -9999 -9999 -9999 -9999 -9999 -9999 -9999 -9999 -9999 -9999 -9999 -9999 -9999
4270 4394 4563 4646 4669 4818 4930 5074 5273 5286 5114 5046 5001 5025 5091 5091 5136 5261 5195 5104 5042 5005 4992 5044 5164 5361 5454 5454 5583 5752 5942 5907 5658 5658 5505 5398 5353 5286 5254 5288 5372 5372 5435 5585 5860 6165 6324 6324 6374 6782 6773 6716 6716 6557 6883 6883 -9999 -9999 -9999 -9999 -9999 -9999 -9999 -9999 -9999 -9999 -9999 -9999 -9999 -9999 -9999 -9999 -9999 -9999 -9999 -9999 -9999 -9999 -9999 -9999 -9999
4262 4362 4638 4723 4759 4837 4922 5015 5179 5405 5313 5227 5167 5155 5201 5201 5231 5329 5263 5111 5041 5025 5005 5089 5207 5382 5493 5493 5632 5795 6020 5921 5736 5736 5572 5410 5349 5335 5351 5362 5485 5485 5498 5853 6092 6377 6639 6639 6617 6633 6543 6481 6481 6366 6744 6744 -9999 -9999 -9999 -9999 -9999 -9999 -9999 -9999 -9999 -9999 -9999 -9999 -9999 -9999 -9999 -9999 -9999 -9999 -9999 -9999 -9999 -9999 -9999 -9999 -9999
4261 4420 4733 4745 4750 4947 5027 5071 5185 5503 5733 5616 5462 5460 5639 5639 6106 5535 5276 5130 5079 5061 5132 5243 5441 5496 5581 5581 5863 6017 5900 5732 5729 5729 5738 5802 5766 5735 5864 5890 5867 5867 5927 6136 6033 6212 6316 6316 6163 5882 5874 5874 5986 6023 6317 6317 -9999 -9999 -9999 -9999 -9999 -9999 -9999 -9999 -9999 -9999 -9999 -9999 -9999 -9999 -9999 -9999 -9999 -9999 -9999 -9999 -9999 -9999 -9999 -9999 -9999
4409 4588 4902 4909 4903 5216 5257 5218 5240 5373 5744 5929 6231 6555 6569 6569 6333 5470 5403 5291 5184 5131 5264 5389 5626 5809 5973 5973 5833 5681 5592 5533 5499 5499 5525 5578 5626 5581 5615 5637 5716 5716 5664 5806 5846 5933 5954 5954 5823 5646 5642 5642 5714 5850 5917 5917 6425 -9999 -9999 -9999 -9999 -9999 -9999 -9999 -9999 -9999 -9999 -9999 -9999 -9999 -9999 -9999 -9999 -9999 -9999 -9999 -9999 -9999 -9999 -9999 -9999
4429 4508 4753 4819 4852 5049 5062 5105 5182 5334 5689 5890 6263 6609 6617 6617 6407 5917 5755 5535 5402 5297 5424 5542 5798 6105 6074 6074 5693 5596 5542 5478 5466 5466 5477 5509 5542 5498 5593 5562 5579 5579 5594 5694 5690 5693 5826 5826 5776 5617 5591 5591 5591 5744 5860 5860 6212 6465 -9999 -9999 -9999 -9999 -9999 -9999 -9999 -9999 -9999 -9999 -9999 -9999 -9999 -9999 -9999 -9999 -9999 -9999 -9999 -9999 -9999 -9999 -9999
4494 4538 4714 4799 4848 4976 5030 5073 5156 5281 5627 5875 6156 6264 6191 6191 6107 5986 6006 5858 5720 5579 5686 5831 6076 6282 6097 6097 5696 5585 5511 5440 5434 5434 5433 5439 5482 5477 5621 5593 5483.75 5483.75 5522 5581 5598 5655 5633 5633 5669 5548 5555 5555 5562 5680 5774 5774 6071 6324 -9999 -9999 -9999 -9999 -9999 -9999 -9999 -9999 -9999 -9999 -9999 -9999 -9999 -9999 -9999 -9999 -9999 -9999 -9999 -9999 -9999 -9999 -9999
4503 4550 4605 4660 4693 4926 4941 4986 5101 5234 5720 5829 5866 5876 5723 5723 5745 5691 5863 6046 6049 5971 6013 6102 6166 5978 5890 5890 5817 5680 5539 5448 5425 5425 5420.5 5420.5 5410 5459 5549 5571 5483.75 5483.75 5490 5511 5599 5726 5522 5522 5597 5526 5537 5537 5549 5656 5764 5764 6021 6320 -9999 -9999 -9999 -9999 -9999 -9999 -9999 -9999 -9999 -9999 -9999 -9999 -9999 -9999 -9999 -9999 -9999 -9999 -9999 -9999 -9999 -9999 -9999
4515 4567 4580 4610 4656 4871 4949 5007 5143 5303 5730 5612 5592 5628 5600 5600 5585 5598 5690 5841 5860 6099 6196 6015 5945 5707 5644 5644 5705 5737 5775 5565 5475 5475 5471 5424 5404.75 5404.75 5466 5488 5495 5495 5462 5467 5595 5647 5474 5474 5472 5516 5528 5528 5530 5651 5777 5777 5988 6124 6187 -9999 -9999 -9999 -9999 -9999 -9999 -9999 -9999 -9999 -9999 -9999 -9999 -9999 -9999 -9999 -9999 -9999 -9999 -9999 -9999 -9999 -9999
4446 4545 4654 4708 4728 4876 5005 5074 5239 5333 5627 5522 5369 5382 5547 5547 5410 5366 5441 5610 5643 5791 5996 5832 5706 5635 5614 5614 5598 5611 5664 5850 5723 5723 5599 5513 5443 5404.75 5401.75 5419 5517 5517 5431 5349 5373 5391 5450 5450 5472 5488 5518 5518 5553 5778 5788 5788 5827 5864 6135 -9999 -9999 -9999 -9999 -9999 -9999 -9999 -9999 -9999 -9999 -9999 -9999 -9999 -9999 -9999 -9999 -9999 -9999 -9999 -9999 -9999 -9999
4461 4478 4648 4742 4801 4860 5008 5078 5194 5197 5540 5490 5339 5375 5492 5492 5400 5325 5427 5527 5597 5642 5857 5845 5750 5623 5593 5593 5577 5581 5608 5684 5732 5732 5571 5482 5463 5446 5401.75 5405 5389 5389 5298 5323 5368 5407 5429 5429 5445 5546 5565 5565 5588 5732 5772 5772 5800 5867 6093 -9999 -9999 -9999 -9999 -9999 -9999 -9999 -9999 -9999 -9999 -9999 -9999 -9999 -9999 -9999 -9999 -9999 -9999 -9999 -9999 -9999 -9999
4587 4448 4678 4709 4801 4865 5005 5070 5180 5267 5435 5420 5283 5336 5346 5346 5283 5282 5423 5558 5581 5615 5823 5802 5728 5621 5575 5575 5549 5538 5542 5616 5685 5685 5649 5581 5566 5626 5436 5406 5250 5250 5269 5295 5341 5411 5464 5464 5499 5690 5638 5638 5616 5715 5750 5750 5809 5884 6111 -9999 -9999 -9999 -9999 -9999 -9999 -9999 -9999 -9999 -9999 -9999 -9999 -9999 -9999 -9999 -9999 -9999 -9999 -9999 -9999 -9999 -9999
4678 4460 4644 4720 4785 4944 4980 5073 5200 5189 5388 5385 5283 5286 5282 5282 5260 5295 5424 5501 5538 5544 5824 5924 5740 5618 5570 5570 5544 5518 5504 5601 5578 5578 5705 5668 5657 5700 5475 5402 5227 5227 5233 5364 5404 5429 5459 5459 5488 5664 5704 5704 5693 5708 5746 5746 5816 5895 6183 -9999 -9999 -9999 -9999 -9999 -9999 -9999 -9999 -9999 -9999 -9999 -9999 -9999 -9999 -9999 -9999 -9999 -9999 -9999 -9999 -9999 -9999
