jamsmodeldata/J2000 Dudh-Kosi/input/local/gis/dem_kosi.asc
ncols         296
nrows         407
xllcorner     86.353581326517
yllcorner     27.08343766674
cellsize      0.0028798133754293
NODATA_value  -9999
[rows 108 to 143 of 407, columns 81 to 161 of 296]
4669 4640 4588 4618 4571 4571 4508 4508 4476 4472 4504 4660 4660 4777 4938 5189 5307 5248 5184 5184 5037 5040 5291 5424 5512 5512 5302 5241 5248 5229 5145 5100 4972 4972 4989 4915 4862 4725 4713 4713 4726 4719 4723 4723 4732 4700 4741 4730 4782 4860 5016 4928 4915 4924 4983 5435 5705 5793 5258 5067 5067 5067 4824 4817 4838 4805 4840 4840 4999 5071 5180 5188 5130 4921 4886 4901 4884 4939 4942 4942 4960
4790 4769 4767 4842 4755 4755 4631 4631 4477 4468 4457 4576 4576 4760 5029 5215 5225 5208 5174 5174 4973 4969 5207 5389 5387 5387 5523 5382 5282 5340 5359 5198 5187 5187 5096 4929 4876 4728 4713 4713 4761 4721 4710 4710 4715 4701 4667 4797 4910 4964 4930 4911 4916 4942 5049 5206 5429 5603 5306 5054 5054 5054 4751 4779 4833 4793 4762 4762 4852 4916 5030 5076 5184 5099 4898 4866 4874 4934 4938 4938 4917
4872 4887 4830 4959 4867 4867 4758 4758 4536 4476 4449 4493 4493 4591 4888 5090 5210 5112 5159 5159 4909 4908 5140 5238 5244 5244 5356 5540 5610 5562 5604 5373 5141 5141 5071 4912 4938 4930 4878 4878 4699 4729 4711 4711 4711 4706 4652 4776 4927 4969 4912 4902 4908 4930 4949 5048 5115 5348 5364 5055 5055 5055 4731 4684 4758 4808 4734 4734 4775 4815 4914 5027 5102 5145 4949 4829 4906 4925 4927 4927 4886
5013 4888 4903 5081 4966 4966 4821 4821 4584 4519 4461 4431 4431 4500 4793 4933 5111 5053 5065 5065 4900 4900 5093 5069 5110 5110 5254 5434 5738 5763 5884 5627 5207 5207 5030 4976 5024 4973 4812 4812 4690 4702 4704.25 4704.25 4705 4713 4635 4730 4842 4899 4919 4906 4894 4906 4911 5016 5048 5138 5407 5107 5107 5107 4797 4709 4685 4777 4716 4716 4786 4881 4826 4936 5048 5039 4907 4823 4914 4919 4917 4917 4957
5090 5013 5084 5267 5081 5081 4960 4960 4770 4689 4560 4403.75 4403.75 4454 4619 4779 4982 4984 5001 5001 4907 4910 5015 5063 5108 5108 5235 5364 5663 5671 5634 5740 5821 5821 5533 5282 5185 4977 4929 4929 4940 4715 4677 4677 4691 4669 4636 4639 4795 4851 4890 4892 4925 4950 4980 5057 5113 5210 5290 5344 5344 5344 4994 4789 4773 4647 4538 4538 4669 4728 4781 4886 4961 4916 4786 4803 4844 4816 4828 4828 5120
5201 5124 5351 5209 4975 4975 4843 4843 4688 4655 4599 4401 4401 4416 4561 4690 4788 4882 4909 4909 4927 4894 4937 5113 5411 5411 5465 5502 5734 5541 5572 5605 5975 5975 5728 5147 5044 4885 4885 4885 4878 4667 4603 4603 4694 4686 4575 4637 4766 4814 4846 4877 4982 5025 5076 5251 5350 5493 5420 5471 5471 5471 4990 4831 4782 4645 4533 4533 4550 4588 4772 4834 4891 4884 4727 4715 4739 4746 4883 4883 5065
5358 5356 5516 5278 4976 4976 4875 4875 4745 4762 4699 4421 4421 4409 4502 4573 4710 4830 4830 4830 4815 4827 4892 5078 5207 5207 5371 5576 5666 5370 5498 5447 5656 5656 5651 5248 5078 4852 4761 4761 4679 4615 4546 4546 4683 4656 4531 4587 4672 4713 4820 4788 4783 4786 4855 5044 5139 5254 5523 5643 5643 5643 5279 5079 4926 4718 4592 4592 4526.25 4526.25 4645 4732 4771 4819 4722 4645 4676 4770 4902 4902 5028
5563 5530 5608 5302 5061 5061 5061 4941 4822 4817 4780 4417 4417 4402 4462 4592 4704 4816 4799 4799 4785 4787 4932 5071 5071 5109 5252 5456 5576 5275 5316 5385 5453 5453 5464 5350 5124 4844 4735 4735 4648 4557 4557 4512 4596 4572 4503 4552 4638 4671 4745 4718 4728 4747 4836 4972 5087 5151 5481 5777 5777 5777 5586 5397 5235 4893 4687 4687 4526.25 4526.25 4552 4655 4710 4748 4702 4613 4663 4766 4885 4885 5139
5545 5492 5715 5480 5266 5266 5266 5134 4925 5015 4846 4468 4468 4376 4418 4518 4634 4769 4737 4737 4778 4779 4988 5061 5061 5132 5246 5418 5523 5275 5278 5272 5294 5294 5293 5236 5200 5013 4829 4829 4644 4558 4558 4462 4519 4497 4459 4566 4668 4753 4703 4708 4737 4767 4892 4902 5026 5125 5436 5758 5758 5758 6118 5945 5683 5122 4865 4865 4552 4526.25 4526.25 4526.25 4592 4628 4593 4571 4645 4745 4864 4864 5043
5422 5387 5296 5611 5554 5554 5554 5194 5051 5011 4905 4593 4593 4391 4356 4425 4509 4684 4777 4777 4880 4929 5241 5468 5468 5465 5521 5626 5738 5348 5253 5210 5130 5130 5094 4959 4966 5063 5122 5122 4822 4683 4683 4553 4370 4375 4447 4533 4618 4644 4795 4943 5016 5054 5051 5145 5257 5325 5638 5920 5920 5920 6177 5882 5705 5468 5434 5434 5018 4838 4605 4605 4558 4528 4445 4456 4556 4658 4658 4726 4920
5317 5350 5230 5443 5644 5644 5644 5325 5016 4963 4902 4664 4664 4423 4338 4398 4476 4644 4742 4742 4882 4954 5199 5242 5242 5200 5303 5387 5491 5658 5351 5203 5109 5109 5031 4863 4810 4904 5006 5006 4822 4694 4694 4557 4342 4344 4399 4495 4578 4618 4841 4938 4948 4954 5028 5364 5420 5603 5653 5813 5813 5813 5906 5637 5379 5169 5223 5223 5035 4949 4642 4584 4491 4429 4415 4417 4481 4584 4584 4657 4832
5275 5242 5194 5355 5742 5742 5742 5525 5107 4987 4841 4636 4636 4425 4337 4356 4436 4577 4704 4704 4953 5065 5109 5126 5126 5109 5169 5286 5480 5711 5462 5248 5067 5067 4991 4719 4657 4771 4809 4809 4764 4700 4700 4568 4345 4318 4365 4461 4511 4584 4802 4848 4890 4903 5013 5463 5460 5522 5502 5524 5524 5524 5556 5717 5482 5061 4943 4943 4848 4806 4712 4651 4620 4571 4391 4363 4352 4393 4393 4517 4639
5236 5161 5068 5182 5647 5647 5647 5574 5129 5012 4838 4555 4555 4452 4351 4291 4364 4539 4685 4685 4891 4915 4940 5002 5002 5018 5069 5213 5549 5916 5577 5375 5122 5122 4996 4753 4609 4540 4501 4501 4450 4430 4430 4476 4466 4410 4270 4297 4430 4546 4804 4966 5073 5075 5125 5053 5027 5019 5064 5256 5256 5256 5671 5978 5718 5191 5020 5020 4860 4822 4772 4788 4816 4746 4521 4411 4335 4327 4327 4411 4547
5240 5152 5033 5086 5321 5321 5321 5475 5214 5365 5299 4934 4934 4681 4346 4267 4256 4410 4556 4556 4563 4557 4680 4815 4815 4940 5182 5461 5728 5559 5499 5531 5514 5514 5330 4945 4829 4717 4683 4683 4665 4558 4558 4402 4394 4426 4406 4232 4306 4481 4910 4988 5005 4924 4970 4969 4993 5079 5226 5546 5546 5546 6108 6269 6096 5546 5273 5273 5014 4990 5189 5225 5209 5023 4732 4563 4322 4308 4308 4302 4450
4992 5042 4894 4938 5135 5135 5135 5186 5310 5300 5399 4924 4924 4767 4415 4255 4225 4414 4545 4545 4541 4544 4713 4860 4860 4952 5172 5438 5770 5484 5401 5391 5454 5454 5373 5066 4959 4861 4914 4914 4939 4713 4713 4541 4402 4395 4335 4239 4247 4423 4850 4814 4892 4924 4904 5080 5136 5310 5435 5810 5810 5810 6056 6107 6175 5926 5672 5672 5418 5352 5334 5338 5277 5145 4841 4703 4363 4306 4306 4293 4344
4938 4919 4892 4907 5140 5140 5140 5057 5136 5122 5116 5092 5092 4844 4461 4301 4205 4388 4528 4528 4550 4563 4790 4939 4939 5093 5304 5633 5754 5464 5396 5377 5347 5347 5382 5305 5193 5164 5238 5238 4896 4718 4718 4614 4473 4453 4346 4220 4236 4394 4667 4753 4894 4911 4908 5227 5361 5505 5579 5668 5668 5668 5633 5636 5854 6279 6255 6255 5926 5660 5168 5101 5077 5049 4918 4686 4393 4323 4323 4287 4270
4834 4856 4885 4896 5085 5085 5085 4969 4959 4943 4966 5082 5082 4867 4477 4276 4181 4368 4463 4463 4610 4606 4827 5051 5051 5214 5447 5661 5745 5469 5433 5404 5281 5281 5269 5506 5475 5202 5003 5003 4713 4590 4590 4464 4428 4421 4275 4145 4298 4409 4569 4674 4803 4871 4875 5209 5293 5543 5412 5373 5373 5373 5318 5326 5509 6052 6363 6363 6096 5803 5275 5131 5071 5062 4923 4728 4567 4460 4460 4308 4265
4805 4861 4901 4872 4827 4827 4827 4821 4830 4786 4815 4888 4888 4850 4484 4299 4181 4287 4381 4381 4600 4691 4999 5208 5208 5380 5507 5422 5551 5654 5467 5406 5295 5295 5234 5375 5390 5092 4973 4973 4738 4596 4596 4460 4356 4337 4280 4110 4238 4315 4535 4620 4770 4870 4918 5155 5250 5462 5354 5299 5299 5299 5139 5119 5217 5765 6023 6023 6076 5858 5309 5207 5123 5052 5028 4877 4661 4547 4547 4400 4259
4716 4812 4861 4860 4807 4807 4807 4768 4654 4635 4647 4776 4776 4823 4581 4289 4146 4168 4228 4228 4477 4517 4830 4988 4988 5056 5141 5290 5602 5669 5606 5442 5160 5160 5044 5140 5419 5222 5085 5085 4908 4817 4817 4690 4494 4415 4307 4158 4069 4198 4463 4555 4697 4714 4750 4984 5079 5266 5394 5190 5190 5190 5104 5068 5118 5376 5378 5378 5683 5628 5205 5163 5119 5072 5075 4962 4747 4600 4600 4455 4241
4701 4746 4824 4886 4807 4807 4807 4774 4699 4649 4615 4647 4647 4741 4552 4376 4216 4125 4177 4177 4433 4523 4745 4877 4877 4969 5091 5433 5666 5566 5451 5278 5107 5107 5013 5150 5428 5407 5114 5114 4905 4770 4770 4644 4397 4392 4291 4157 4056 4127 4386 4485 4603 4641 4668 4937 5057 5251 5293 5230 5230 5230 5057 5056 5167 5317 5233 5233 5357 5437 5211 5135 5092 4950 4907 4944 4714 4562 4562 4401 4239
4671 4693 4804 4812 4820 4820 4820 4877 4766 4758 4710 4594 4594 4638 4591 4415 4252 4120 4195 4195 4308 4413 4720 4856 4856 4943 5199 5656 5689 5593 5547 5272 5028 5028 4986 5144 5364 5344 5125 5125 4918 4798 4798 4684 4471 4428 4299 4164 4013 4074 4291 4367 4524 4563 4642 5020 5112 5264 5174 5183 5183 5183 5004 5083 5217 5470 5240 5240 5180 5300 5112 5070 5059 4943 4830 4782 4652 4501 4501 4330 4238
4654 4688 4852 4781 4796 4796 4796 4903 4852 4851 4730 4593 4593 4615 4544 4397 4263 4111 4207 4207 4266 4384 4710 4821 4821 4987 5279 5453 5525 5624 5648 5345 4996 4996 4953 5149 5338 5273 5047 5047 4834 4722 4722 4583 4463 4428 4313 4162 4014 4015 4185 4315 4433 4554 4712 5113 5282 5420 5121 5087 5087 5087 5002 5094 5201 5381 5218 5218 5149 5208 5160 5003 4992 4923 4800 4724 4602 4461 4461 4281 4216
4646 4654 4785 4741 4822 4822 4822 4841 4829 4786 4737 4610 4610 4552 4420 4306 4293 4097 4189 4189 4311 4445 4702 4947 4947 5103 5164 5236 5350 5536 5672 5407 4995 4995 4934 5238 5415 5155 5001 5001 4818 4674 4674 4467 4372 4410 4373 4243 4136 4035 4048 4203 4357 4488 4703 5089 5170 5241 5024 4961 4961 4961 4941 5095 5219 5173 5152 5152 5116 5137 5215 4950 4859 4773 4793 4701 4459 4350 4350 4215 4216
4395 4406 4481 4566 4682 4682 4682 4681 4780 4862 4934 4925 4925 4828 4533 4364 4188 4097 4046 4046 4388 4501 4829 4935 4935 4938 4965 5029 5102 5324 5396 5400 5134 5134 4927 5067 5139 5291 5133 5133 4998 4867 4867 4741 4404 4311 4309 4359 4273 4211 3861 4028 4260 4377 4563 4891 4977 4888 4794 4790 4790 4790 4902 5127 5245 5200 5039 5039 4870 4844 4892 4859 4857 4802 4648 4500 4373 4211 4211 4120 4294
4381.25 4381.25 4377 4445 4558 4558 4558 4581 4632 4708 4779 4884 4884 4828 4536 4365 4169 4061 4033 4033 4317 4445 4798 4838 4838 4849 4865 4912 5010 5160 5288 5417 5152 5152 4926 5077 5191 5551 5279 5279 4896 4747 4747 4611 4313 4227 4207 4266 4243 4177 3866 3906 4165 4344 4498 4704 4773 4795 4648 4672 4672 4672 4902 5212 5207 5079 5034 5034 4741 4712 4825 4740 4671 4612 4562 4473 4301 4181 4181 4101 4270
4413 4391 4371 4358 4444 4444 4444 4471 4555 4597 4660 4736 4736 4732 4531 4357 4178 4038 4019 4019 4280 4409 4766 4766 4783 4775 4790 4847 4969 5113 5293 5408 5093 5093 4915 5100 5187 5427 5217 5217 4856 4741 4741 4590 4210 4170 4134 4158 4253 4178 3939 3845 4116 4290 4416 4610 4676 4683 4558 4608 4608 4608 4876 5173 5185 5004 4953 4953 4637 4617 4752 4636 4577 4531 4431 4392 4243 4132 4132 4078 4262
4644 4521 4341 4300 4285 4285 4285 4328 4413 4440 4474 4539 4539 4535 4467 4359 4184 4036 4011 4011 4247 4385 4718 4718 4737 4707 4707 4786 4910 5103 5258 5404 5012 5012 4911 4848 4978 5195 5156 5156 4875 4735 4735 4581 4228 4222 4155 4094 4150 4173 3977 3821 3998 4168 4429 4460 4503 4493 4352 4457 4457 4457 4785 5063 5061 4825 4797 4797 4514 4440 4632 4506 4466 4393 4302 4211 4142 4079 4079 4096 4261
4700 4549 4387 4331 4265 4265 4265 4230 4241 4260 4281 4311 4311 4315 4399 4353 4263 4034 3998 3998 4200 4318 4640 4640 4646 4592 4658 4798 4901 5088 5217 5341 4983 4983 4793 4608 4837 5094 5224 5224 4948 4733 4733 4604 4311 4388 4371 4172 4064 4053 3969 3821 3907 4111 4103 4072 4050 4105 4485 4691 4691 4691 5029 4853 4725 4608 4661 4661 4424 4376 4236 4206 4115 4019 3999 4151 4234 4255 4255 4305 4409
4737 4658 4493 4413 4336 4336 4336 4274 4186 4189 4183 4148 4148 4118 4117 4170 4166 4064 4011 4011 4185 4307 4488 4488 4521 4563 4643 4756 4901 5102 5206 5335 5366 5366 5006 4517 4694 5038 5276 5276 5155 4969 4969 4909 5014 4928 4706 4667 4505 4398 4025 3882 3702 3777 3958 4013 4078 4311 4647 4822 4822 4822 5106 4903 4672 4505 4455 4455 4316 4273 4065 4069 3975 3978 4066 4163 4285 4323 4323 4337 4429
4790 4728 4597 4539 4497 4483 4483 4377 4499 4495 4478 4407 4407 4357 4252 4198 4118 4035 4002 4002 4091 4188 4347 4347 4426 4519 4663 4816 4981 5075 5178 5330 5305 5305 5006 4512 4598 4976 5150 5150 5325 5325 5182 5251 4851 4768 4653 4517 4371 4267 3948 3799 3689 3756 3857 4053 4150 4332 4533 4698 4698 4698 4877 4822 4652 4481 4394 4394 4202 4099 4048 3980 3934 4006 4057 4120 4278 4299 4299 4389 4494
4919 4884 4774 4694 4502 4502 4502 4463 4633 4616 4550 4496 4496 4441 4381 4263 4140 4087 4041 4041 3975 4161 4493 4493 4524 4572 4700 4828 4981 5219 5333 5491 5304 5304 4999 4509 4554 4842 5072 5072 5353 5353 5470 5398 4884 4757 4630 4523 4364 4284 4041 3903 3694 3672 3742 3972 4078 4176 4412 4545 4545 4545 4796 4619 4488 4221 4267 4267 4054 4023 3957 3919 3919 3987 4055 4150 4268 4349 4349 4345 4503
5017 4972 4852 4769 4574 4574 4574 4604 4705 4630 4540 4623 4623 4460 4438 4303 4213 4071 3961 3961 3921 4109 4374 4374 4487 4580 4714 4841 4978 5115 5331 5558 5100 5100 4904 4541 4495 4743 4983 4983 5149 5149 5405 5213 4822 4756 4666 4538 4400 4325 4190 4055 3849 3720 3613 3851 3940 4089 4406 4572 4572 4572 4668 4529 4329 4132 4077 4077 3952 3929 3897 3887 3947 4001 4103 4201 4327 4476 4476 4490 4515
5245 5210 4997 4915 4835 4835 4835 4834 4793 4768 4725 4632 4632 4603 4516 4392 4266 4053 3916 3916 3857 3956 4361 4361 4570 4593 4783 4779 4725 4953 5185 5242 5373 5373 5164 4624 4474 4594 4776 4776 5092 5092 5356 5526 5034 4922 4814 4707 4591 4491 4283 4152 4007 3858 3668 3798 3871 4003 4267 4283 4283 4283 4384 4231 4185 3904 3745 3745 3872 3926 3935 4001 4072 4178 4256 4431 4417 4579 4579 4614 4446
5483 5356 5154 5024 4978 4978 4978 4968 4889 4856 4813 4739 4739 4783 4596 4461 4336 4050 3888 3888 3847 3929 4291 4291 4507 4628 4662 4552 4629 4881 5033 5038 5259 5259 5268 4680 4446 4564 4811 4811 5101 5101 5296 5545 5279 5155 4944 4846 4689 4543 4245 4118 3931 3804 3576 3800 3821 3927 4019 4049 4049 4049 4183 4104 3968 3778 3791 3791 3935 3933 4025 4120 4200 4319 4382 4432 4504 4545 4545 4671 4461
5702 5569 5215 5266 5193 5193 5193 5075 4972 4951 4925 4839 4839 4730 4560 4427 4269 4032 3905 3905 3826 3888 4216 4216 4373 4504 4426 4443 4523 4894 4712 4804 5086 5086 5059 4571 4419 4570 4757 4757 5050 5050 5143 5238 4996 4998 5073 4885 4738 4635 4293 4100 3847 3694 3567 3790 3817 3873 3708 3708 3849 3849 3945 3915 3787 3702 3808 3808 4008 3935 4117 4202 4303 4435 4560 4597 4680 4709 4709 4789 4587
5603 5465 5188 5096 5172 5172 5172 5137 5038 5038 5054 4866 4866 4688 4485 4398 4303 4046 3921 3921 3819 3847 4152 4152 4272 4286 4261 4397 4552 4763 4668 4725 4900 4900 4843 4535 4390 4482 4740 4740 4906 4906 5016 5096 4916 4879 4917 4844 4707 4583 4215 4035 3803 3667 3480 3720 3678 3817 3573 3573 3700 3700 3808 3789 3670 3769 3854 3854 4039 3965 4118 4209 4298 4482 4655 4756 4809 4810 4810 4873 4678
