jamsmodeldata/J2000 Dudh-Kosi/input/local/gis/dem_kosi.asc
ncols         296
nrows         407
xllcorner     86.353581326517
yllcorner     27.08343766674
cellsize      0.0028798133754293
NODATA_value  -9999
[rows 180 to 215 of 407, columns 81 to 161 of 296]
5314 5185 5185 5209 5262 5558 5558 5865 6326 6189 5954 5580 5580 5437 5250 5125 5018 4839 4708 4708 4421 4421 4401 4245 4075 3973 3864 3970 4218 4488 4268 3980 3568 3568 3415 3095 3023 2884 2812 2812 2812 2715 2663 2630 2915 2974 3054 3223 3330 3340 3579 3818 4031 4169 4122 4346 4415 4383 4383 4622 4793 4793 5085 5321 5402 5266 5226 5226 5390 5420 5841 5850 5963 6147 6192 6012 5318 5318 5059 4953 4699
5303 5179 5179 5179 5200 5569 5569 5875 6512 6403 6147 5696 5696 5601 5366 5202 5052 4881 4798 4798 4571 4571 4505 4258 4108 3977 3862 3956 4182 4434 4203 3941 3596 3596 3451 3245 3178 3006 2963 2963 2963 2833 2710 2594 2884 2991 3097 3316 3587 3663 3725 3938 4073 4033 3964 4073 4100 4194 4194 4605 4760 4760 4877 5081 5102 5385 5491 5491 5809 5804 6079 6124 6216 6253 6002 5574 5101 5101 4974 4884 4771
5214 5142 5142 5165 5158 5563 5563 5762 6293 6429 6361 5956 5956 5764 5416 5177 5021 4870 4739 4739 4535 4535 4482 4267 4124 3964 3871 3895 4087 4365 4159 3919 3677 3677 3566 3385 3299 3094 2975 2975 2975 2791 2684 2580 2758 2895 3139 3468 3622 3835 3952 4057 3894 3817 3799 3851 3911 4116 4116 4600 4540 4540 4724 4807 4843 5182 5423 5033 5538 5762 5577 5516 5492 5426 5373 5310 5166 5166 5142 5060 4905
5074 5102 5102 5110 5117 5213 5213 5347 5694 5776 6044 5814 5814 5396 5221 5142 5027 4842 4771 4771 4616 4616 4514 4238 4074 3940 3868 3832 3991 4313 4174 3989 3787 3787 3748 3478 3544 3414 3311 3311 3311 2961 2741 2557 2660 2867 3089 3257 3305 3358 3432 3442 3336 3345 3427 3638 3724 3831 3831 3936 4006 4006 4194 4342 4530 4811 4954 4954 5395 5633 5572 5537 5503 5391 5326 5243 5243 5070 5005 4963 4846
4962 4994 4994 5024 5024 5059 5059 5105 5419 5516 5933 5679 5786 5586 5331 5216 5082 4876 4757 4757 4539 4539 4481 4331 4180 3977 3787 3740 3949 4415 4361 4243 4084 4084 4001 3736 3573 3295 3198 3198 3198 2959 2773 2541 2676 2828 2912 2926 2968 3054 3118 3112 3112 3108 3160 3453 3466 3558 3558 3740 3827 3827 4083 4261 4460 4759 4906 4906 5342 5553 5596 5584 5521 5383 5272 5162 5162 5005 4928 4840 4776
4667 4696 4696 4821 4851 4926 4926 5014 5277 5440 5783 5918 5918 5721 5359 5233 5088 4893 4759 4759 4510 4510 4429 4256 4123 3930 3751 3713 3952 4404 4400 4282 4066 4066 3941 3580 3384 3215 3078 3078 3078 2885 2750 2539 2655 2709 2697 2741 2799 2846 2939 2963 3056 3095 3186 3303 3343 3417 3417 3632 3814 3814 4106 4268 4448 4729 4892 4892 5299 5497 5701 5638 5550 5336 5228 5089 5089 4943 4844 4752 4656
4653 4635 4635 4706 4721 4773 4773 4941 5224 5391 5737 5678 5678 5808 5455 5224 5041 4877 4789 4789 4510 4510 4406 4128 3979 3854 3707 3685 3947 4366 4412 4327 3947 3947 3793 3472 3354 3058 2951 2951 2951 2766 2699 2517 2544 2577 2708 2793 2857 2862 2970 3085 3198 3308 3303 3492 3536 3671 3671 3691 3784 3784 4013 4178 4369 4691 4860 4860 5285 5451 5694 5470 5387 5250 5098 4994 4994 4826 4724 4598 4459
4799 4711 4711 4659 4623 4718 4718 4870 5249 5348 5377 5239 5239 5369 5419 5384 5183 4917 4771 4771 4771 4507 4413 4159 4066 3963 3778 3628 3836 4364 4370 4184 3904 3904 3754 3545 3407 3148 3050 3050 3050 2877 2740 2545 2712 2826 3000 3180 3477 3451 3396 3387 3442 3538 3583 3492 3595 3796 3796 4210 4193 4193 4154 4250 4374 4636 4798 4798 5173 5390 5677 5472 5279 5089 4988 4919 4919 4724 4585 4441 4196
4641 4639 4639 4592 4623 4802 4802 4926 5261 5291 5181 5113 5113 5206 5594 5271 5131 4927 4820 4820 4820 4629 4596 4354 4105 3975 3786 3610 3753 4121 4269 4118 3972 3972 3872 3592 3439 3150 2959 2959 2959 2767 2642 2491.5 2766 2830 2952 3231 3474 3609 3611 3608 3645 3642 3810 3645 3593 3847 3847 4392 4426 4426 4289 4350 4464 4684 4853 4853 5253 5448 5389 5296 5174 5037 4957 4834 4834 4650 4582 4432 4133
4645 4639 4639 4557.5 4625 4886 4886 5029 5257 5165 5105 5097 5097 5159 5674 5343 5156 4938 4883 4883 4883 4658 4558 4256 4087 3960 3789 3567 3688 3990 4167 4156 4012 4012 3937 3712 3426 3084 2888 2888 2888 2718 2592 2482 2720 2785 2923 3188 3434 3582 3762 3763 3788 3777 3934 3748 3704 3786 3786 4345 4543 4543 4370 4450 4546 4737 4853 4853 5345 5575 5431 5186 5116 5015 4897 4803 4803 4549 4471 4330 4094
4704 4599 4599 4567 4619 4768 4768 4802 5087 5147 5060 5032 5032 5049 5453 5233 5044 4877 4736 4736 4736 4559 4494 4186 4001 3876 3783 3648 3528 3835 4011 4210 4091 4091 3981 3692 3362 3003 2848 2848 2848 2709 2681 2558 2689 2729 2842 3055 3290 3408 3813 3938 3951 3962 4089 3934 3913 3852 3852 4170 4422 4422 4628 4588 4729 4872 4991 4991 5365 5608 5252 5130 5082 5021 4904 4768 4768 4567 4435 4269 4090
4630 4578 4578 4527 4579 4631 4631 4689 4903 4957 4985 4806 4806 4856 5339 5425 5195 4904 4763 4763 4763 4549 4485 4129 4015 3955 3914 3749 3502 3776 3908 4151 4107 4107 3893 3428 3222 3007 2915 2915 2915 2737 2648 2519 2624 2674 2728 2869 3065 3188 3646 3830 4041 4244 4238 4087 4065 4051 4051 4195 4349 4349 4785 4805 4943 5063 5225 5225 5463 5541 5166 5082 5012 4996 4887 4768 4768 4633 4483 4296 4057
4514 4481 4481 4516 4563 4805 4805 4737 4861 4882 4805 4703 4703 4783 5084 5157 5436 5154 4902 4902 4902 4639 4541 4392 4254 4157 4036 3895 3645 3470 3783 3990 4078 4078 3846 3557 3420 3188 3068 3068 3068 2855 2659 2449 2602 2655 2722 2914 3119 3217 3669 3860 3945 4000 4162 4306 4345 4393 4393 4481 4681 4681 4973 5203 5474 5499 5625 5625 5365 5285 5046 5022 4986 4885 4743 4676 4676 4536 4422 4212 4005
4497 4497 4441 4498 4628 4702 4702 4883 4880 4837 4741 4676 4676 4693 4873 5065 5211 5039 5162 5162 5162 4826 4708 4418 4274 4189 4015 3861 3717 3382 3571 3769 4097 4097 3961 3693 3509 3229 3098 3098 3098 2828 2602 2428 2611 2670 2691 2756 2949 3027 3513 3655 3704 3783 4010 4198 4289 4289 4272 4493 4630 4630 4913 5089 5382 5324 5571 5571 5293 5215 4981 4960 4907 4816 4672 4543 4543 4385 4328 4171 3968
4425 4425 4405 4545 4806 4764 4764 4802 4974 4955 4739 4557 4557 4584 4837 4949 4990 4934 5023 5023 5023 4861 4728 4452 4304 4214 4080 3941 3895 3449 3370 3612 4024 4024 4044 3709 3495 3171 3006 3006 3006 2660 2522 2417 2640 2648 2686 2691 2799 2923 3299 3409 3631 3662 3783 4098 4084 4084 4082 4255 4396 4396 4618 4863 5052 5205 5235 5235 5311 5204 4959 4959 4880 4736 4599 4463 4463 4206 4174 4104 3937
4388 4388 4356 4557 4750 4841 4841 4847 4913 4863 4757 4518 4518 4510 4699 4746 4767 4859 4924 4924 4924 4879 4892 4534 4385 4335 4229 4169 3860 3533 3307 3445 3842 3842 4014 3569 3378 3077 2824 2824 2824 2621 2455 2307.25 2578 2590 2595 2633 2738 2838 3088 3272 3470 3472 3611 3878 3901 3901 3897 4126 4200 4200 4414 4511 4861 5014 4985 4985 5477 5291 4977 4929 4857 4708 4537 4435 4435 4181 4092 4015 3918
4326 4326 4343 4490 4654 4675 4675 4702 4898 4813 4740 4550 4550 4502 4649 4846 4702 4695 4748 4748 4748 4694 4759 4752 4491 4391 4195 4041 3876 3503 3256 3241 3724 3724 3711 3450 3197 2897 2821 2821 2821 2679 2443 2307.25 2523 2579 2581 2625 2783 2841 3024 3165 3271 3360 3558 3655 3692 3692 3789 3971 4068 4068 4199 4412 4659 4679 4809 4809 5437 5473 5136 4948 4863 4732 4605 4465 4465 4274 4179 4006 3888
4213 4213 4216 4424 4489 4625 4625 4804 4847 4813 4759 4514 4514 4521 4626 4788 4613 4367 4421 4421 4421 4372 4413 4599 4426 4275 4153 4007 3682 3388 3204 3088 3357 3357 3564 3383 3219 2949 2839 2839 2839 2655 2547 2357 2361 2448 2548 2748 2797 2806 2899 3039 3130 3222 3335 3348 3446 3446 3614 3704 3832 3832 4022 4122 4297 4522 4756 4756 5340 5485 5293 5121 5048 4903 4747 4601 4601 4421 4295 4098 3856
4142 4142 4154 4492 4626 4625 4625 4684 4818 4738 4670 4461 4461 4473 4611 4675 4609 4495 4365 4365 4365 4210 4279 4437 4315 4186 3995 3830 3649 3410 3262 3024 3310 3310 3448 3477 3343 3088 2947 2947 2947 2768 2670 2435 2311 2487 2629 2704 2718 2742 2848 2941 3049 3107 3149 3229 3331 3331 3447 3575 3745 3745 3958 4084 4221 4494 4651 4651 5145 5083 5071 5053 5016 4932 4791 4687 4687 4492 4357 4170 3809
4083 4083 4065 4435 4499 4594 4594 4661 4744 4731 4669 4398 4398 4449 4666 4553 4499 4457 4397 4397 4397 4129 4148 4292 4443 4343 4165 4004 3826 3442 3108 2908 2902 2902 3001 3222 3361 3223 3055 3055 3055 2724 2504 2319 2264 2406 2611 2748 2803 2812 2826 2832 2881 2927 3012 3156 3218 3218 3302 3509 3710 3710 3918 4086 4208 4386 4660 4660 4945 5015 5019 4971 4982 4983 4781 4670 4670 4438 4312 4163 3813
4060 4060 4050 4358 4439 4586 4586 4658 4486 4598 4588 4306 4306 4331 4488 4620 4469 4377 4253 4253 4253 4097 3957 4084 4164 4138 3906 3678 3546 3372 3134 2893 2690 2690 2754 3089 3187 3214 3214 2992 2992 2592 2420 2302 2194 2389 2515 2614 2774 2785 2934 2969 3000 3003 2992 3140 3227 3227 3338 3520 3641 3641 3774 3939 4016 4278 4487 4487 4848 5122 5025 4974 4904 4882 4805 4630 4630 4438 4321 4131 3846
3969 3969 3985 4261 4409 4551 4551 4410 4453 4506 4627 4405 4405 4257 4240 4366 4452 4290 4149 4149 4149 3935 3877 3744 3756 3815 3941 3901 3687 3424 3280 3106 2795 2795 2569 2636 2804 2923 2923 2812 2812 2442 2257 2085 2256 2306 2400 2462 2406 2547 2646 2755 2837 2859 2927 3174 3255 3255 3317 3541 3667 3667 3849 4000 4130 4379 4625 4625 4983 4925 4803 4733 4683 4584 4516 4492 4492 4462 4332 4047 3683
3919 3919 3928 4169 4345 4372 4372 4339 4512 4538 4558 4417 4417 4316 4149 4197 4270 4303 4221 4221 4221 3915 3916 3642 3561 3638 3765 3954 3826 3464 3293 3109 2766 2766 2589 2443 2577 2704 2704 2659 2659 2342 2155 2012 2276 2297 2335 2378 2461 2657 2785 2833 2891 2979 3007 3119 3167 3167 3275 3513 3597 3597 3846 4016 4161 4443 4600 4600 4925 4894 4721 4637 4578 4463 4384 4307 4307 4273 4082 3868 3662
3894 3894 3908 4099 4269 4244 4244 4270 4446 4520 4523 4409 4409 4396 4154 4136 4154 4316 4160 4160 4160 4003 3994 3739 3534 3526 3714 3912 3800 3557 3372 3110 2795 2795 2669 2337 2438 2603 2603 2563 2563 2286 2121 1988 2362 2445 2526 2561 2596 2679 2929 2960 2926 3024 3097 3228 3234 3234 3322 3561 3592 3592 3806 3929 4118 4382 4574 4574 4884 4862 4687 4589 4506 4387 4298 4201 4201 4106 3957 3773 3662
3866 3866 3864 4035 4193 4139 4139 4254 4392 4417 4543 4414 4414 4320 4132 4026 3992 4178 4195 4195 4195 4054 3939 3634 3464 3478 3673 3893 3946 3591 3356 3134 2850 2850 2706 2364 2226 2392 2392 2377 2377 2112 1961 2031 2389 2511 2732 2835 2840 2888 3096 3086 3085 3184 3291 3382 3428 3428 3493 3845 3711 3711 3861 4005 4139 4380 4573 4573 4856 4819 4644 4539 4462 4323 4220 4123 4123 3933 3848 3674 3736
3847 3847 3831 3937 4076 4175 4175 4238 4446 4453 4443 4361 4361 4329 4187 3939 3866 4015 4075 4075 4075 3872 3862 3536 3405 3432 3650 3814 3806 3576 3354 3118 2930 2930 2822 2466 2294 2085 2085 2096 2096 1948 1992 2141 2465 2585 2831 3055 3084 3107 3302 3277 3313 3445 3557 3506 3644 3644 3647 3999 3891 3891 3927 4124 4263 4452 4597 4597 4954 4849 4670 4554 4460 4308 4184 4064 4064 3820 3691 3585 3789
3913 3913 3810 3859 3921 4038 4038 4193 4343 4284 4309 4453 4453 4433 4111 3951 3787 3752 3748 3748 3748 3567 3536 3443 3317 3270 3419 3496 3610 3617 3468 3356 3156 3156 2987 2736 2521 2302 2302 2210 2210 1892.25 2255 2436 2571 2713 2944 3207 3355 3364 3597 3629 3651 3802 3905 3995 3991 3991 3875 4250 4108 4108 4100 4202 4419 4798 4885 4885 5051 4911 4687 4599 4475 4318 4187 4069 4069 3832 3632 3540 3862
3994 3994 3888 3797 3790 4010 4010 4157 4179 4200 4279 4327 4327 4276 4088 4013 3848 3583 3564 3564 3564 3400 3327 3208 3150 3121 3235 3327 3458 3688 3626 3542 3331 3331 3109 2823 2628 2453 2453 2309 2309 1950 2293 2510 2749 2836 3040 3304 3487 3516 3770 3868 3905 4079 4085 4175 4139 4139 4125 4343 4255 4255 4202 4313 4461 4876 5166 5166 4906 4815 4534 4452 4426 4365 4251 4130 4130 3737 3582 3521 3927
4201 4012 3915 3755 3722 3946 3946 3985 4099 4224 4268 4248 4248 4157 4114 4094 3865 3653 3543 3543 3543 3432 3385 3321 3266 3188 3101 3190 3368 3668 3722 3646 3425 3425 3277 2880 2706 2452 2452 2163 2163 2029 2365 2598 2901 2971 3093 3261 3416 3506 3711 3811 3919 4025 4221 4344 4359 4359 4467 4508 4416 4416 4368 4486 4667 5076 5150 5150 4887 4776 4487 4395 4327 4219 4156 4058 4058 3703 3498 3501 3933
4153 4052 3956 3639 3674 3801 3801 3820 4060 4135 4296 4223 4223 4118 3961 4011 3973 3731 3656 3656 3656 3559 3528 3436 3385 3299 3148 3129 3358 3646 3540 3452 3288 3288 3196 2974 2774 2261 2261 1994 1994 2098 2484 2641 2777 2810 2936 3082 3235 3323 3578 3646 3745 3881 4094 4203 4254 4254 4341 4388 4496 4496 4635 4620 4813 4842 4930 4930 4792 4701 4425 4298 4208 4065 3976 3914 3914 3641 3419 3486 3950
4203 4113 3991 3682 3548 3653 3653 3717 4036 4153 4285 4071 4071 4046 3825 3861 3975 3839 3738 3738 3738 3659 3643 3554 3450 3286 3090 3062 3246 3507 3354 3231 3191 3191 3026 2855 2623 2241 2241 1961 1961 2111 2384 2446 2614 2687 2791 2950 3034 3110 3431 3521 3695 3775 3839 4004 4043 4043 4090 4256 4376 4376 4584 4727 4698 4642 4788 4788 4742 4693 4392 4253 4188 4061 3930 3813 3813 3618 3386 3455 3926
4170 4120 4030 3755 3536 3528 3528 3647 3882 3979 4106 3891 3891 3813 3721 3692 3818 3704 3722 3722 3722 3753 3757 3562 3330 3224 3140 2923 2978 3269 3070 2970 2924 2924 2954 2560 2477 2201 2201 1831 1831 1925 2001 2091 2345 2449 2618 2754 2819 2872 3160 3274 3394 3400 3497 3724 3684 3684 3826 4070 4204 4204 4572 4583 4473 4427 4571 4571 4677 4616 4343 4235 4175 4106 3986 3784 3784 3460 3366 3455 3738
4094 3970 3954 3745 3589 3446 3446 3599 3829 3896 3993 3888 3888 3803 3649 3596 3688 3532 3598 3598 3598 3641 3673 3511 3454 3386 3165 2945 2946 3185 3040 2878 2726 2726 2755 2673 2446 2119 2119 1792 1792 2026 2160 2168 2199 2241 2467 2621 2696 2772 3033 3090 3197 3207 3367 3513 3524 3524 3682 3947 4143 4143 4555 4613 4503 4292 4456 4456 4483 4484 4178 4078 4028 3925 3866 3702 3702 3416 3282 3458 3594
4019 3900 3801 3666 3528 3375 3375 3491 3729 3762 3872 3880 3880 3773 3600 3524 3534 3483 3421 3421 3421 3525 3477 3555 3383 3263 3106 2962 2807 3063 2895 2737 2529 2529 2518 2534 2430 1959 1959 1745 1745 2152 2354 2466 2385 2343 2349 2422 2526 2609 2846 2890 3012 3065 3168 3330 3441 3441 3646 3996 4241 4241 4520 4507 4443 4214 4312 4312 4312 4423 4113 3983 3914 3800 3659 3551 3551 3321 3176 3388 3530
3969 3910 3813 3609 3547 3332 3332 3436 3639 3714 3828 3834 3834 3734 3632 3553 3468 3395 3343 3343 3343 3425 3404 3485 3428 3334 3201 3051 2884 2894 2855 2653 2385 2385 2354 2396 2385 1962 1962 1735 1735 2123 2339 2613 2533 2459 2462 2531 2588 2606 2781 2841 2908 3166 3221 3362 3392 3392 3493 3849 4058 4058 4428 4400 4270 4062 4080 4080 4177 4255 4111 4108 4046 3944 3751 3584 3584 3177 3126 3373 3682
3898 3860 3762 3491 3378 3358 3358 3598 3685 3796 3903 3848 3848 3784 3588 3516 3575 3505 3384 3384 3384 3285 3288 3341 3330 3027 3116 3064 2997 2789 2646 2717 2640 2640 2500 2098 2141 1709.25 1709.25 1951 1951 2282 2522 2725 2949 3032 3124 3128 3103 3202 3180 3191 3210 3323 3558 3684 3681 3681 3758 3908 4031 4031 4329 4522 4391 4252 4077 4077 3987 4061 3758 3714 3691 3752 3591 3591 3425 3037 3059 3261 3588
